00111100000000010001000000000001
00110100001010000000000000000000
10001101000001000000000000000000
00100100000000100000000000000100
00000000000000000000000000001100
00100100000000100000000000000101
00000000000000000000000000001100
00000000000000100100000000100001
00000000000010000010000000100001
00100011101111011111111111110100
10101111101010000000000000000000
10101111101111110000000000001000
00001100000100000000000000100001
10001111101100000000000000000100
00111100000000010001000000000001
00110100001010010000000000000100
10001101001001000000000000000000
00100100000000100000000000000100
00000000000000000000000000001100
10001111101001000000000000000000
00100100000000100000000000000001
00000000000000000000000000001100
00111100000000010001000000000001
00110100001010100000000000001000
10001101010001000000000000000000
00100100000000100000000000000100
00000000000000000000000000001100
00000000000100000010000000100001
00100100000000100000000000000001
00000000000000000000000000001100
00100011101111010000000000001100
00100100000000100000000000001010
00000000000000000000000000001100
10001111101010000000000000000000
00100000000000010000000000000000
00010000001010000000000000001100
00100001000010001111111111111111
00100011101111011111111111110100
10101111101010000000000000000000
10101111101111110000000000001000
00001100000100000000000000100001
10001111101111110000000000001000
10001111101010010000000000000100
10001111101010100000000000001100
01110001001010100101100000000010
10101111101010110000000000010000
00100011101111010000000000001100
00000011111000000000000000001000
00100100000010000000000000000001
10101111101010000000000000000100
00000011111000000000000000001000
